m	ins	e_c	e_p	e_i	e_t	cmax	sec	lmt	gap
JSP_TOU_CMAX	E11	13385	29763	3054	46202	60	0.027	60	0
JSP_TOU_CP1	E11	13385	28388	3351	45124	60	0.277	60	9.999999780e-09
JSP_TOU_M1	E11	13385	28388	3351	45124	60	1.969	60	0	2688
JSP_TOU_M2	E11	13385	28388	3351	45124	60	60.859	60	0.057439756	30
JSP_TOU_CMAX	E21	16335	33849	5305	55489	70	0.034	60	0
JSP_TOU_CP1	E21	16335	32313	5778	54426	70	4.059	60	9.999999891e-09
JSP_TOU_M1	E21	16335	32313	5778	54426	70	15.672	60	0.000080602	3456
JSP_TOU_M2	E21	16335	32764	5774	54873	70	60.016	60	0.21464927	42
JSP_TOU_CMAX	E31	16335	42585	7556	66476	70	0.039	60	0
JSP_TOU_CP1	E31	16335	39013	9347	64695	70	0.119	60	9.999999893e-09
JSP_TOU_M1	E31	16335	39013	9347	64695	70	2.891	60	0.000054902	4080
JSP_TOU_M2	E31	16335	39013	9347	64695	70	60.016	60	0.177380688	48
JSP_TOU_CMAX	E41	12060	29364	3095	44519	54	0.021	60	0
JSP_TOU_CP1	E41	12060	28791	3288	44139	54	0.344	60	9.999999889e-09
JSP_TOU_M1	E41	12060	28056	4023	44139	54	4.235	60	0.000096833	3840
JSP_TOU_M2	E41	12240	28604	3726	44570	55	60.015	60	0.233612184	78
JSP_TOU_CMAX	E51	11260	23154	9927	44341	48	0.021	60	0
JSP_TOU_CP1	E51	11260	21600	10584	43444	48	0.259	60	9.999999842e-09
JSP_TOU_M1	E51	11260	21600	10584	43444	48	1.61	60	0	2016
JSP_TOU_M2	E51	11260	22044	10140	43444	48	61.125	60	0.129974958	30
JSP_TOU_CMAX	E61	19830	43424	14190	77444	88	0.031	60	0
JSP_TOU_CP1	E61	19830	41320	15160	76310	88	0.26	60	9.999999867e-09
JSP_TOU_M1	E61	19830	41320	15160	76310	88	23.984	60	0.000075661	5016
JSP_TOU_M2	E61	25265	40907	26037	92209	111	60.016	60	0.503181117	66
JSP_TOU_CMAX	E71	14775	36342	4578	55695	66	0.023	60	0
JSP_TOU_CP1	E71	14775	33056	5649	53480	66	0.861	60	9.999999821e-09
JSP_TOU_M1	E71	14775	33056	5649	53480	66	4.516	60	0.000099876	4320
JSP_TOU_M2	E71	14775	33119	6059	53953	66	60.015	60	0.205897714	74
JSP_TOU_CMAX	E81	32860	50970	22841	106671	141	0.025	60	0
JSP_TOU_CP1	E81	32860	46363	24578	103801	141	0.86	60	9.999999853e-09
JSP_TOU_M1	E81	32860	46363	24578	103801	141	44.375	60	0.000096814	6552
JSP_TOU_M2	E81	32860	47845	24140	104845	141	60.031	60	0.334763142	92
JSP_TOU_CMAX	E91	18320	39670	11077	69067	81	0.021	60	0
JSP_TOU_CP1	E91	18320	39502	11203	69025	81	0.322	60	9.999999828e-09
JSP_TOU_M1	E91	18320	39502	11203	69025	81	8.078	60	0	4320
JSP_TOU_M2	E91	39670	35759	55882	131311	170	60.891	60	0.692140435	58
JSP_TOU_CMAX	E101	25460	54620	10831	90911	112	0.249	60	0
JSP_TOU_CP1	E101	25460	52718	11169	89347	112	0.49	60	9.999999857e-09
JSP_TOU_M1	E101	25460	52668	11530	89658	112	60.062	60	0.0214742	7392
JSP_TOU_M2	E101	30695	50095	18452	99242	134	60.015	60	0.373766005	92
