m	ins	e_c	e_p	e_i	e_t	cmax	sec	lmt	gap
JSP_TOU_CMAX	swv1	333600	1816390	531047	2681037	1425	60.017	60	0.032280702
JSP_TOU_CP1	swv1	333600	1794564	541614	2669778	1425	60.022	60	0.032451013
JSP_TOU_CMAX	swv2	346610	1866638	549454	2762702	1481	60.009	60	0.004051317
JSP_TOU_CP1	swv2	346610	1840911	562459	2749980	1481	60.074	60	0.010038255
JSP_TOU_CMAX	swv3	331930	1866791	510465	2709186	1415	60.008	60	0.048763251
JSP_TOU_CP1	swv3	331930	1846885	521046	2699861	1415	60.026	60	0.044705635
JSP_TOU_CMAX	swv4	355085	1930793	556330	2842208	1515	60.014	60	0.072607261
JSP_TOU_CP1	swv4	355085	1906351	569846	2831282	1515	60.066	60	0.061639215
JSP_TOU_CMAX	swv5	340740	1882496	482946	2706182	1456	60.006	60	0.028846154
JSP_TOU_CP1	swv5	340740	1859838	494473	2695051	1456	60.061	60	0.027927115
JSP_TOU_CMAX	swv6	401620	2859281	1241834	4502735	1715	60.013	60	0.083381924
JSP_TOU_CP1	swv6	401620	2829833	1257211	4488664	1715	60.056	60	0.071526405
JSP_TOU_CMAX	swv7	386745	2758134	1194299	4339178	1651	60.012	60	0.148394912
JSP_TOU_CP1	swv7	386745	2726525	1210630	4323900	1651	60.008	60	0.122145748
JSP_TOU_CMAX	swv8	426555	2983802	1356291	4766648	1820	60.013	60	0.113186813
JSP_TOU_CP1	swv8	426555	2949465	1374410	4750430	1820	60.054	60	0.094253152
JSP_TOU_CMAX	swv9	400125	2824922	1262142	4487189	1707	60.016	60	0.066198008
JSP_TOU_CP1	swv9	400125	2786242	1283842	4470209	1707	60.015	60	0.058484514
JSP_TOU_CMAX	swv10	428140	2975437	1378638	4782215	1826	60.023	60	0.13033954
JSP_TOU_CP1	swv10	428140	2932266	1402162	4762568	1826	60.059	60	0.107166764
